name,city,coords,Karlsruher Kojoten dist,Waschbärrudel dist,1. Roundnet Club Dresden dist,Roundnet Sharks Kiel dist,Roundnet Lions Eintracht Braunschweig dist,Otters & Friends dist,Toucans Leipzig dist,Roundnet Club Bonn dist,Roundnet Dortmund dist,Achtarmige Adler dist,Roundnet Münster dist,RNC Augsburg dist,Rabbits Regensburg dist,Brick Meadow Nutrias Halle dist,Göttinger Gänse dist,Würzburger Wölfe dist,Roundnet Otters Hamburg dist,Eisvögel dist,Tübingen dist,VC+RCK=?? dist,Bisschen mehr Berlin dist,Darmstädter Doktorfische dist,Mosquitos Mannheim dist,RCKOmeten dist,RCK Straight Outta Space dist,Aachen Lobster 1 dist,Meenzer Owlies dist,Griffins Gießen dist,RoundNetter Haufen Hannover dist,96 Leine Legenden dist,Parrots Düsseldorf dist,1Aal7 Straßenbande dist,BFM Boomobos dist,Space Jams dist,BFM Magic Monkeys dist,Ain’t your MaMa dist,Störball Stuten dist,MRC II dist,Zweidelberg dist,Rabbits: Team Mittelklasse dist,Rhinos Erlangen dist,Roundnet Bremen dist,Dreidelberg dist,Eintracht Hildesheim von 1861 e.V. dist
Karlsruher Kojoten,Karlsruhe,"[49.0068705, 8.4034195]",0.0,268.3116114365255,444.50996455781365,603.4144407540333,392.6866628647429,517.5578901011153,384.2838867004942,214.1256475195892,286.80724875300234,500.5178107606693,333.16861860007623,196.80113365341137,270.5234484800035,374.79454117505486,302.2269220624905,141.22177226165735,517.5578901011153,71.9333558073925,71.9333558073925,213.62403505896597,525.3079280752211,97.96619919574168,53.642545465393,238.47706318584824,238.47706318584824,257.79606982145987,110.9751690469591,176.53544111001437,386.33900726689933,386.33900726689933,273.39840266935965,517.5578901011153,119.62230983166502,364.9672037976512,119.62230983166502,110.9751690469591,62.355113582866544,253.24927004341433,49.53987385953807,270.5234484800035,200.1542724570895,453.9115128914954,49.53987385953807,367.047678123899
Waschbärrudel,Kassel,"[51.3154546, 9.4924096]",268.3116114365255,0.0,298.2241544372758,337.44882016912885,127.84942995492005,251.0945720433457,200.79399236892934,179.84943007979334,142.74574322657344,273.76409100935933,147.7999058224287,342.7768734092289,316.6926152614112,173.3649634053923,39.67681099649366,172.14409803065317,251.0945720433457,312.2383246970662,312.2383246970662,122.76770784277635,299.53135075590984,171.17919759938525,216.03158419746111,182.17147325845434,182.17147325845434,246.4476457457325,169.60817239317512,99.46077300024908,119.13846986073446,119.13846986073446,189.25677501884564,251.0945720433457,387.7538016746854,146.47202282461666,387.7538016746854,169.60817239317512,283.0759900322303,384.0470528867333,219.48871293996942,316.6926152614112,219.6830149269597,201.86430245833915,219.48871293996942,98.76192683347283
1. Roundnet Club Dresden,Dresden,"[51.0504088, 13.7372621]",444.50996455781365,298.2241544372758,0.0,437.9581877856766,260.2195095734764,377.5803893577788,100.64337275830802,468.2437943626181,440.49441150492765,157.39618553193733,436.0820403693182,361.57927222400195,255.06946362370968,132.43363596271368,270.74104414354827,304.450346368895,377.5803893577788,439.01992613457435,439.01992613457435,412.2984192874173,164.9428480816983,384.0729888799683,413.9490702528232,475.80261358227233,475.80261358227233,538.8800834388024,404.3376601142373,360.1942493327062,313.59747656724994,313.59747656724994,486.90252699360497,377.5803893577788,544.802924398133,416.64602601133,544.802924398133,404.3376601142373,413.38580568422395,359.70862370321737,403.33787936282295,255.06946362370968,253.21237884436897,406.71088578792126,403.33787936282295,289.2109275278679
Roundnet Sharks Kiel,Kiel,"[54.3227085, 10.135555]",603.4144407540333,337.44882016912885,437.9581877856766,0.0,230.05757976650463,86.38842507937049,364.56167281900986,448.9611887549739,360.41405681682687,289.1367820781458,311.881829113437,664.3213601187483,606.1086652374272,339.2528193584294,309.8974763869426,504.16631665892567,86.38842507937049,649.6546183308244,649.6546183308244,410.92336657232045,295.18601463213133,505.44989416555933,550.086516727356,433.5603315425706,433.5603315425706,480.8251640085936,497.3528439383544,427.6282598836203,218.32593084741376,218.32593084741376,411.434259632029,86.38842507937049,721.6820051585382,266.5650804052438,721.6820051585382,497.3528439383544,620.3812955371798,695.4332515988998,555.5860640175108,606.1086652374272,529.6493230582497,164.04423486984956,555.5860640175108,241.5622466729632
Roundnet Lions Eintracht Braunschweig,Braunschweig,"[52.2688736, 10.5267696]",392.6866628647429,127.84942995492005,260.2195095734764,230.05757976650463,0.0,147.12741972233528,164.02433192739167,292.7048956047837,226.8518559034803,173.23259178894833,201.6233256675279,434.4338206376694,378.8624123588107,132.36123428276255,90.69402882343798,278.5473390517547,147.12741972233528,429.6790944336314,429.6790944336314,239.15624584265188,196.7705941290897,297.19357915876157,341.69105261385124,288.01560614851115,288.01560614851115,350.2019920464144,297.383199740851,227.2794585732959,55.48222065702042,55.48222065702042,282.98355154293864,147.12741972233528,512.2796432983951,169.246411481846,512.2796432983951,297.383199740851,399.82533799374215,465.63175290045626,343.2579488821213,378.8624123588107,299.5933421783034,147.46849234756894,343.2579488821213,40.91650673710344
Otters & Friends,Hamburg,"[53.551086, 9.993682]",517.5578901011153,251.0945720433457,377.5803893577788,86.38842507937049,147.12741972233528,0.0,294.4568308396395,370.4772282197946,284.2355973970888,242.426800853454,238.45698702003142,579.7982105725711,525.7548776802385,266.36320352375583,223.7547709496733,418.109542668249,0.0,563.2768553742417,563.2768553742417,329.04822697300017,255.14725128151036,419.62217327725887,464.3497524466671,356.9387367532972,356.9387367532972,408.49641524900676,412.3390141438131,342.22066389596125,131.95856345842444,131.95856345842444,337.982476080035,0.0,636.1215079778282,192.74551556550804,636.1215079778282,412.3390141438131,533.9939096352056,612.4530331712236,469.52852518199626,525.7548776802385,445.9290467919856,95.22455227348249,469.52852518199626,155.4048089723079
Toucans Leipzig,Leipzig,"[51.3396955, 12.3730747]",384.2838867004942,200.79399236892934,100.64337275830802,364.56167281900986,164.02433192739167,294.4568308396395,0.0,375.90722315399887,341.8317508802063,127.18088064800146,335.665548745695,346.8497450819655,259.48091971358787,32.286807995389154,170.9962942816111,243.9516651492713,294.4568308396395,393.6458900371355,393.6458900371355,319.0311635378741,148.46439794874092,309.85687604869366,345.7148961095335,381.3831178787915,381.3831178787915,445.245088136682,325.58654528286047,272.80701723778174,215.38744505156376,215.38744505156376,390.0502621510374,294.4568308396395,494.72093977585325,316.10026036783023,494.72093977585325,325.58654528286047,365.2221285223881,360.80951778816956,338.41889303966815,259.48091971358787,217.2105836170766,311.492803502857,338.41889303966815,189.8588652963601
Roundnet Club Bonn,Bonn,"[50.73743, 7.098207]",214.1256475195892,179.84943007979334,468.2437943626181,448.9611887549739,292.7048956047837,370.4772282197946,375.90722315399887,0.0,90.15876753345584,452.67005456068784,140.97251915277977,380.5409045319775,407.4538023793792,350.98304535352463,217.68951816400303,227.62342619622024,370.4772282197946,283.8891294567023,283.8891294567023,57.24489333549552,478.2815329592644,146.5912913325453,170.00326440346896,24.381457084765348,24.381457084765348,71.69873575813936,117.17536243611055,113.02603534331121,258.0328676838437,258.0328676838437,59.43394783942125,370.4772282197946,309.72201699787314,183.82151952467942,309.72201699787314,117.17536243611055,264.50540032295737,434.6972988532147,186.76246850073684,407.4538023793792,306.78973705951114,285.7051142558172,186.76246850073684,253.7137385298379
Roundnet Dortmund,Dortmund,"[51.5142273, 7.4652788]",286.80724875300234,142.74574322657344,440.49441150492765,360.41405681682687,226.8518559034803,284.2355973970888,341.8317508802063,90.15876753345584,0.0,396.87938728803334,50.8993680798805,427.6486546522086,431.9005037087403,312.7387703579869,171.3985584785112,258.91257980157246,284.2355973970888,351.62768895052926,351.62768895052926,74.3383551516536,421.56926336588094,200.90088347841765,236.36484229960766,73.14673853555733,73.14673853555733,126.88908963274423,177.77003554534303,133.955212861637,182.97850720201495,182.97850720201495,56.84565243642879,284.2355973970888,392.27846192031285,94.13988757383353,392.27846192031285,177.77003554534303,328.03730415470375,477.91307719826773,249.87678288184597,431.9005037087403,329.52701304560907,196.5643632307036,249.87678288184597,185.98918111154822
Achtarmige Adler,Potsdam,"[52.4009309, 13.059139]",500.5178107606693,273.76409100935933,157.39618553193733,289.1367820781458,173.23259178894833,242.426800853454,127.18088064800146,452.67005456068784,396.87938728803334,0.0,374.7463503322262,473.888570241806,382.8464960023329,126.71031097959904,235.0586625061159,363.4795512281827,242.426800853454,516.6030521883595,516.6030521883595,396.0841402125202,25.869437787684813,417.3422910017231,457.27395471525494,452.0690110968301,452.0690110968301,515.8952797579146,427.6619919466988,365.18146404699496,226.51485489336795,226.51485489336795,451.6722428840738,242.426800853454,614.825119980674,341.79112532475676,614.825119980674,427.6619919466988,487.5322365291496,485.9078268796929,452.61153454681516,382.8464960023329,344.0168631811139,297.2398298936143,452.61153454681516,213.42651971308896
Roundnet Münster,Münster,"[51.9606649, 7.6261347]",333.16861860007623,147.7999058224287,436.0820403693182,311.881829113437,201.6233256675279,238.45698702003142,335.665548745695,140.97251915277977,50.8993680798805,374.7463503322262,0.0,462.61047325175355,456.304884329677,304.7496199380438,166.1337101475721,290.5629113977307,238.45698702003142,395.7003945969983,395.7003945969983,119.613709479411,398.38927374497825,243.1924797306319,281.4412058047794,122.80329029129851,122.80329029129851,170.06839734399622,222.71009232232564,169.8434085219442,151.30431188147264,151.30431188147264,99.79350816877273,238.45698702003142,441.2640819737194,45.75488565658465,441.2640819737194,222.71009232232564,370.8153206093764,510.59528075967376,293.67958201153164,456.304884329677,355.1704225172675,147.85426057972876,293.67958201153164,161.36653093606068
RNC Augsburg,Augsburg,"[48.3705449, 10.89779]",196.80113365341137,342.7768734092289,361.57927222400195,664.3213601187483,434.4338206376694,579.7982105725711,346.8497450819655,380.5409045319775,427.6486546522086,473.888570241806,462.61047325175355,0.0,113.86609225494314,354.59004485064133,359.3016864957262,173.27728008585393,579.7982105725711,137.57374091761952,137.57374091761952,355.9465460286947,493.9450425802141,234.08000743270946,217.1901386133811,402.9008617365094,402.9008617365094,438.9033182264999,263.4301518238455,294.0363319986396,453.17542453874296,453.17542453874296,434.7464795887397,579.7982105725711,230.45582983668675,479.8109884347284,230.45582983668675,263.4301518238455,134.62754587864367,56.61748379166603,198.59789978639137,113.86609225494314,136.1619141005953,544.2607581875312,198.59789978639137,426.2291921355631
Rabbits Regensburg,Regensburg,"[49.0134323, 12.1016236]",270.5234484800035,316.6926152614112,255.06946362370968,606.1086652374272,378.8624123588107,525.7548776802385,259.48091971358787,407.4538023793792,431.9005037087403,382.8464960023329,456.304884329677,113.86609225494314,0.0,274.82481900796165,320.71517281327795,179.8349252144172,525.7548776802385,230.6949438685067,230.6949438685067,368.7619779745256,400.17664591625714,267.82775969897153,269.85617637643276,426.31938801006766,426.31938801006766,474.54086524202427,297.9987291396102,302.0369699128341,409.7540179487218,409.7540179487218,453.2753550381883,525.7548776802385,333.9037195227155,462.74196794981543,333.9037195227155,297.9987291396102,215.79861164192704,104.9001012558468,252.0842249726476,0.0,102.49898913599101,507.952139170154,252.0842249726476,380.96366414278316
Brick Meadow Nutrias Halle,Halle,"[51.4826699, 11.9692458]",374.79454117505486,173.3649634053923,132.43363596271368,339.2528193584294,132.36123428276255,266.36320352375583,32.286807995389154,350.98304535352463,312.7387703579869,126.71031097959904,304.7496199380438,354.59004485064133,274.82481900796165,0.0,141.37984383017954,236.84515514481123,266.36320352375583,389.9688254992756,389.9688254992756,293.81711791242117,150.83018609761086,295.03913449396197,333.21188212613936,355.170790006945,355.170790006945,419.31707304410156,308.3433041343621,251.53124876821153,183.1805958165053,183.1805958165053,362.21725552511094,266.36320352375583,488.2717262914181,284.22308447156126,488.2717262914181,308.3433041343621,360.84286502971446,373.1880493874911,327.48719003669316,274.82481900796165,221.03750303531692,279.7677909993737,327.48719003669316,157.57229136852217
Göttinger Gänse,Göttingen,"[51.5406276, 9.934795]",302.2269220624905,39.67681099649366,270.74104414354827,309.8974763869426,90.69402882343798,223.7547709496733,170.9962942816111,217.68951816400303,171.3985584785112,235.0586625061159,166.1337101475721,359.3016864957262,320.71517281327795,141.37984383017954,0.0,194.36814581703874,223.7547709496733,341.5843734975516,341.5843734975516,161.027406050748,260.73910772113885,206.49961612690467,251.01614772793695,218.26788454051385,218.26788454051385,282.4984682840492,207.3873067775959,138.13537324719735,93.97645293947744,93.97645293947744,222.00970990515282,223.7547709496733,421.84749350960266,153.74341856911178,421.84749350960266,207.3873067775959,311.93629482530565,396.50109665081027,252.8839255329944,320.71517281327795,229.56075439289825,187.83969253705502,252.8839255329944,68.35144940426134
Würzburger Wölfe,Würzburg,"[49.7933723, 9.9309779]",141.22177226165735,172.14409803065317,304.450346368895,504.16631665892567,278.5473390517547,418.109542668249,243.9516651492713,227.62342619622024,258.91257980157246,363.4795512281827,290.5629113977307,173.27728008585393,179.8349252144172,236.84515514481123,194.36814581703874,0.0,418.109542668249,155.17313719026208,155.17313719026208,191.20167795837074,387.6470346276963,92.49503757516754,111.14477214164725,246.76373013709147,246.76373013709147,295.10088558585124,121.1137768954586,125.44292373515555,287.64264931960207,287.64264931960207,274.7383577736985,418.109542668249,251.46515588392657,306.53619039815925,251.46515588392657,121.1137768954586,125.40035900265693,220.04313416395465,99.04513326451365,179.8349252144172,80.67787708806875,373.90624252315087,99.04513326451365,262.70787199838725
Roundnet Otters Hamburg,Hamburg,"[53.551086, 9.993682]",517.5578901011153,251.0945720433457,377.5803893577788,86.38842507937049,147.12741972233528,0.0,294.4568308396395,370.4772282197946,284.2355973970888,242.426800853454,238.45698702003142,579.7982105725711,525.7548776802385,266.36320352375583,223.7547709496733,418.109542668249,0.0,563.2768553742417,563.2768553742417,329.04822697300017,255.14725128151036,419.62217327725887,464.3497524466671,356.9387367532972,356.9387367532972,408.49641524900676,412.3390141438131,342.22066389596125,131.95856345842444,131.95856345842444,337.982476080035,0.0,636.1215079778282,192.74551556550804,636.1215079778282,412.3390141438131,533.9939096352056,612.4530331712236,469.52852518199626,525.7548776802385,445.9290467919856,95.22455227348249,469.52852518199626,155.4048089723079
Eisvögel,Tübingen,"[48.5226592, 9.05222]",71.9333558073925,312.2383246970662,439.01992613457435,649.6546183308244,429.6790944336314,563.2768553742417,393.6458900371355,283.8891294567023,351.62768895052926,516.6030521883595,395.7003945969983,137.57374091761952,230.6949438685067,389.9688254992756,341.5843734975516,155.17313719026208,563.2768553742417,0.0,0.0,277.4257053366828,540.169941698767,152.9689325139264,115.54819296913337,308.09938670552435,308.09938670552435,329.680718069915,173.8659418851886,230.85803835554105,431.32974163009465,431.32974163009465,342.73782651832926,563.2768553742417,106.79036445695094,423.99700579551944,106.79036445695094,173.8659418851886,29.96253216363225,191.92776966225372,102.02385038140955,230.6949438685067,185.8591759626177,507.2068113908025,102.02385038140955,409.12176127293833
Tübingen,Tübingen,"[48.5226592, 9.05222]",71.9333558073925,312.2383246970662,439.01992613457435,649.6546183308244,429.6790944336314,563.2768553742417,393.6458900371355,283.8891294567023,351.62768895052926,516.6030521883595,395.7003945969983,137.57374091761952,230.6949438685067,389.9688254992756,341.5843734975516,155.17313719026208,563.2768553742417,0.0,0.0,277.4257053366828,540.169941698767,152.9689325139264,115.54819296913337,308.09938670552435,308.09938670552435,329.680718069915,173.8659418851886,230.85803835554105,431.32974163009465,431.32974163009465,342.73782651832926,563.2768553742417,106.79036445695094,423.99700579551944,106.79036445695094,173.8659418851886,29.96253216363225,191.92776966225372,102.02385038140955,230.6949438685067,185.8591759626177,507.2068113908025,102.02385038140955,409.12176127293833
VC+RCK=??,Freudenberg,"[50.8964745, 7.8707301]",213.62403505896597,122.76770784277635,412.2984192874173,410.92336657232045,239.15624584265188,329.04822697300017,319.0311635378741,57.24489333549552,74.3383551516536,396.0841402125202,119.613709479411,355.9465460286947,368.7619779745256,293.81711791242117,161.027406050748,191.20167795837074,329.04822697300017,277.4257053366828,277.4257053366828,0.0,421.7645629434126,126.67895475194744,162.39013780461173,64.21526132469819,64.21526132469819,126.59018446055526,103.66592134076855,66.77041195710274,209.02797169107745,209.02797169107745,84.93901280048772,329.04822697300017,322.57964327701194,154.40537974123845,322.57964327701194,103.66592134076855,253.6989672253605,407.50822173870347,175.58180772958946,368.7619779745256,266.4790168445803,251.14933030861383,175.58180772958946,201.42326805208896
Bisschen mehr Berlin,Berlin,"[52.5170365, 13.3888599]",525.3079280752211,299.53135075590984,164.9428480816983,295.18601463213133,196.7705941290897,255.14725128151036,148.46439794874092,478.2815329592644,421.56926336588094,25.869437787684813,398.38927374497825,493.9450425802141,400.17664591625714,150.83018609761086,260.73910772113885,387.6470346276963,255.14725128151036,540.169941698767,540.169941698767,421.7645629434126,0.0,442.8014101146815,482.4939940199736,477.4541228513644,477.4541228513644,541.1953446587468,453.36795051360457,391.0392582813781,249.10775048834904,249.10775048834904,476.6084449440745,255.14725128151036,639.0938529131844,364.4619944557311,639.0938529131844,453.36795051360457,511.2536402165914,503.98169486969493,477.58939648188715,400.17664591625714,365.67018325883123,315.6081251454686,477.58939648188715,237.30130067273836
Darmstädter Doktorfische,Darmstadt,"[49.872775, 8.651177]",97.96619919574168,171.17919759938525,384.0729888799683,505.44989416555933,297.19357915876157,419.62217327725887,309.85687604869366,146.5912913325453,200.90088347841765,417.3422910017231,243.1924797306319,234.08000743270946,267.82775969897153,295.03913449396197,206.49961612690467,92.49503757516754,419.62217327725887,152.9689325139264,152.9689325139264,126.67895475194744,442.8014101146815,0.0,44.89048643259945,168.82559507921104,168.82559507921104,208.5596971281027,30.47287521312863,79.1415380324108,288.56184999096035,288.56184999096035,201.0565093917119,419.62217327725887,216.80954447721612,271.11529788799396,216.80954447721612,30.47287521312863,127.63284113244458,288.1122943692671,51.63808555362032,267.82775969897153,172.559674491101,356.9019406672757,51.63808555362032,269.9074960970886
Mosquitos Mannheim,Mannheim,"[49.4874592, 8.4660395]",53.642545465393,216.03158419746111,413.9490702528232,550.086516727356,341.69105261385124,464.3497524466671,345.7148961095335,170.00326440346896,236.36484229960766,457.27395471525494,281.4412058047794,217.1901386133811,269.85617637643276,333.21188212613936,251.01614772793695,111.14477214164725,464.3497524466671,115.54819296913337,115.54819296913337,162.39013780461173,482.4939940199736,44.89048643259945,0.0,193.90452448945567,193.90452448945567,222.53767467977326,58.75823940807457,122.91868537897842,333.4122073009129,333.4122073009129,228.13590383515157,464.3497524466671,171.93507734758967,312.0429292276657,171.93507734758967,58.75823940807457,94.50936930429695,273.2835741545419,18.719802424309975,269.85617637643276,184.1710552588539,400.2892075900466,18.719802424309975,314.77534427024693
RCKOmeten,Köln,"[50.938361, 6.959974]",238.47706318584824,182.17147325845434,475.80261358227233,433.5603315425706,288.01560614851115,356.9387367532972,381.3831178787915,24.381457084765348,73.14673853555733,452.0690110968301,122.80329029129851,402.9008617365094,426.31938801006766,355.170790006945,218.26788454051385,246.76373013709147,356.9387367532972,308.09938670552435,308.09938670552435,64.21526132469819,477.4541228513644,168.82559507921104,193.90452448945567,0.0,0.0,64.29821185810894,139.99390605544698,127.48981527265467,249.72747507370957,249.72747507370957,35.072166424616825,356.9387367532972,333.51889024115604,167.18135839091454,333.51889024115604,139.99390605544698,288.4099836650364,456.63853120411216,210.42166458517684,426.31938801006766,324.9061696513334,269.6804279558269,210.42166458517684,248.08214130342313
RCK Straight Outta Space,Köln,"[50.938361, 6.959974]",238.47706318584824,182.17147325845434,475.80261358227233,433.5603315425706,288.01560614851115,356.9387367532972,381.3831178787915,24.381457084765348,73.14673853555733,452.0690110968301,122.80329029129851,402.9008617365094,426.31938801006766,355.170790006945,218.26788454051385,246.76373013709147,356.9387367532972,308.09938670552435,308.09938670552435,64.21526132469819,477.4541228513644,168.82559507921104,193.90452448945567,0.0,0.0,64.29821185810894,139.99390605544698,127.48981527265467,249.72747507370957,249.72747507370957,35.072166424616825,356.9387367532972,333.51889024115604,167.18135839091454,333.51889024115604,139.99390605544698,288.4099836650364,456.63853120411216,210.42166458517684,426.31938801006766,324.9061696513334,269.6804279558269,210.42166458517684,248.08214130342313
Aachen Lobster 1,Aachen,"[50.7753455, 6.0838868]",257.79606982145987,246.4476457457325,538.8800834388024,480.8251640085936,350.2019920464144,408.49641524900676,445.245088136682,71.69873575813936,126.88908963274423,515.8952797579146,170.06839734399622,438.9033182264999,474.54086524202427,419.31707304410156,282.4984682840492,295.10088558585124,408.49641524900676,329.680718069915,329.680718069915,126.59018446055526,541.1953446587468,208.5596971281027,222.53767467977326,64.29821185810894,64.29821185810894,0.0,178.10166537560005,184.60092107243156,309.2509404874195,309.2509404874195,70.754368703719,408.49641524900676,334.60081836231365,215.8192200164111,334.60081836231365,178.10166537560005,314.6874250979424,494.3661670032565,240.78579088106247,474.54086524202427,375.2280291857376,317.23263418963256,240.78579088106247,309.8199282584798
Meenzer Owlies,Mainz,"[50.0012314, 8.2762513]",110.9751690469591,169.60817239317512,404.3376601142373,497.3528439383544,297.383199740851,412.3390141438131,325.58654528286047,117.17536243611055,177.77003554534303,427.6619919466988,222.71009232232564,263.4301518238455,297.9987291396102,308.3433041343621,207.3873067775959,121.1137768954586,412.3390141438131,173.8659418851886,173.8659418851886,103.66592134076855,453.36795051360457,30.47287521312863,58.75823940807457,139.99390605544698,139.99390605544698,178.10166537560005,0.0,70.88083678288159,283.0963946609134,283.0963946609134,173.05096964908796,412.3390141438131,225.16691056800704,254.01130565248064,225.16691056800704,0.0,150.9920829772031,317.8951499243878,72.42057722441021,297.9987291396102,201.6736589800953,344.39315460289686,72.42057722441021,266.97374462620513
Griffins Gießen,Gießen,"[50.584051, 8.6784033]",176.53544111001437,99.46077300024908,360.1942493327062,427.6282598836203,227.2794585732959,342.22066389596125,272.80701723778174,113.02603534331121,133.955212861637,365.18146404699496,169.8434085219442,294.0363319986396,302.0369699128341,251.53124876821153,138.13537324719735,125.44292373515555,342.22066389596125,230.85803835554105,230.85803835554105,66.77041195710274,391.0392582813781,79.1415380324108,122.91868537897842,127.48981527265467,127.48981527265467,184.60092107243156,70.88083678288159,0.0,212.36188054107174,212.36188054107174,151.5966421929326,342.22066389596125,294.0656369709285,193.7127803805834,294.0656369709285,70.88083678288159,204.05962240205307,343.9581139698648,130.66513754923042,302.0369699128341,199.71518264266746,277.76118084753637,130.66513754923042,196.14296999007772
RoundNetter Haufen Hannover,Hannover,"[52.3758916, 9.7320104]",386.33900726689933,119.13846986073446,313.59747656724994,218.32593084741376,55.48222065702042,131.95856345842444,215.38744505156376,258.0328676838437,182.97850720201495,226.51485489336795,151.30431188147264,453.17542453874296,409.7540179487218,183.1805958165053,93.97645293947744,287.64264931960207,131.95856345842444,431.32974163009465,431.32974163009465,209.02797169107745,249.10775048834904,288.56184999096035,333.4122073009129,249.72747507370957,249.72747507370957,309.2509404874195,283.0963946609134,212.36188054107174,0.0,0.0,239.8217982918739,131.95856345842444,505.3423347384893,115.35634293497671,505.3423347384893,283.0963946609134,402.08213839395285,489.4353514184448,337.9793616329382,409.7540179487218,322.2504945250908,100.3842660460625,337.9793616329382,29.03049445707066
96 Leine Legenden,Hannover,"[52.3758916, 9.7320104]",386.33900726689933,119.13846986073446,313.59747656724994,218.32593084741376,55.48222065702042,131.95856345842444,215.38744505156376,258.0328676838437,182.97850720201495,226.51485489336795,151.30431188147264,453.17542453874296,409.7540179487218,183.1805958165053,93.97645293947744,287.64264931960207,131.95856345842444,431.32974163009465,431.32974163009465,209.02797169107745,249.10775048834904,288.56184999096035,333.4122073009129,249.72747507370957,249.72747507370957,309.2509404874195,283.0963946609134,212.36188054107174,0.0,0.0,239.8217982918739,131.95856345842444,505.3423347384893,115.35634293497671,505.3423347384893,283.0963946609134,402.08213839395285,489.4353514184448,337.9793616329382,409.7540179487218,322.2504945250908,100.3842660460625,337.9793616329382,29.03049445707066
Parrots Düsseldorf,Düsseldorf,"[51.2333342, 6.783334]",273.39840266935965,189.25677501884564,486.90252699360497,411.434259632029,282.98355154293864,337.982476080035,390.0502621510374,59.43394783942125,56.84565243642879,451.6722428840738,99.79350816877273,434.7464795887397,453.2753550381883,362.21725552511094,222.00970990515282,274.7383577736985,337.982476080035,342.73782651832926,342.73782651832926,84.93901280048772,476.6084449440745,201.0565093917119,228.13590383515157,35.072166424616825,35.072166424616825,70.754368703719,173.05096964908796,151.5966421929326,239.8217982918739,239.8217982918739,0.0,337.982476080035,368.1904118840995,145.51206814991747,368.1904118840995,173.05096964908796,322.57020945286405,487.8353649455358,244.30422286430436,453.2753550381883,351.1581679327337,247.50607105703975,244.30422286430436,242.2273389065937
1Aal7 Straßenbande,Hamburg,"[53.551086, 9.993682]",517.5578901011153,251.0945720433457,377.5803893577788,86.38842507937049,147.12741972233528,0.0,294.4568308396395,370.4772282197946,284.2355973970888,242.426800853454,238.45698702003142,579.7982105725711,525.7548776802385,266.36320352375583,223.7547709496733,418.109542668249,0.0,563.2768553742417,563.2768553742417,329.04822697300017,255.14725128151036,419.62217327725887,464.3497524466671,356.9387367532972,356.9387367532972,408.49641524900676,412.3390141438131,342.22066389596125,131.95856345842444,131.95856345842444,337.982476080035,0.0,636.1215079778282,192.74551556550804,636.1215079778282,412.3390141438131,533.9939096352056,612.4530331712236,469.52852518199626,525.7548776802385,445.9290467919856,95.22455227348249,469.52852518199626,155.4048089723079
BFM Boomobos,Freiburg,"[47.9960901, 7.8494005]",119.62230983166502,387.7538016746854,544.802924398133,721.6820051585382,512.2796432983951,636.1215079778282,494.72093977585325,309.72201699787314,392.27846192031285,614.825119980674,441.2640819737194,230.45582983668675,333.9037195227155,488.2717262914181,421.84749350960266,251.46515588392657,636.1215079778282,106.79036445695094,106.79036445695094,322.57964327701194,639.0938529131844,216.80954447721612,171.93507734758967,333.51889024115604,333.51889024115604,334.60081836231365,225.16691056800704,294.0656369709285,505.3423347384893,505.3423347384893,368.1904118840995,636.1215079778282,0.0,476.7056332498184,0.0,225.16691056800704,131.45314922871262,278.1096021414903,169.02677882503096,333.9037195227155,292.02899561155016,569.4537227560716,169.02677882503096,486.51411051572865
Space Jams,Osnabrück,"[52.2799112, 8.0471788]",364.9672037976512,146.47202282461666,416.64602601133,266.5650804052438,169.246411481846,192.74551556550804,316.10026036783023,183.82151952467942,94.13988757383353,341.79112532475676,45.75488565658465,479.8109884347284,462.74196794981543,284.22308447156126,153.74341856911178,306.53619039815925,192.74551556550804,423.99700579551944,423.99700579551944,154.40537974123845,364.4619944557311,271.11529788799396,312.0429292276657,167.18135839091454,167.18135839091454,215.8192200164111,254.01130565248064,193.7127803805834,115.35634293497671,115.35634293497671,145.51206814991747,192.74551556550804,476.7056332498184,0.0,476.7056332498184,254.01130565248064,397.6821710512088,525.0016250519008,322.57208203112697,462.74196794981543,364.07911172504754,102.55204961566714,322.57208203112697,131.3113410493517
BFM Magic Monkeys,Freiburg,"[47.9960901, 7.8494005]",119.62230983166502,387.7538016746854,544.802924398133,721.6820051585382,512.2796432983951,636.1215079778282,494.72093977585325,309.72201699787314,392.27846192031285,614.825119980674,441.2640819737194,230.45582983668675,333.9037195227155,488.2717262914181,421.84749350960266,251.46515588392657,636.1215079778282,106.79036445695094,106.79036445695094,322.57964327701194,639.0938529131844,216.80954447721612,171.93507734758967,333.51889024115604,333.51889024115604,334.60081836231365,225.16691056800704,294.0656369709285,505.3423347384893,505.3423347384893,368.1904118840995,636.1215079778282,0.0,476.7056332498184,0.0,225.16691056800704,131.45314922871262,278.1096021414903,169.02677882503096,333.9037195227155,292.02899561155016,569.4537227560716,169.02677882503096,486.51411051572865
Ain’t your MaMa,Mainz,"[50.0012314, 8.2762513]",110.9751690469591,169.60817239317512,404.3376601142373,497.3528439383544,297.383199740851,412.3390141438131,325.58654528286047,117.17536243611055,177.77003554534303,427.6619919466988,222.71009232232564,263.4301518238455,297.9987291396102,308.3433041343621,207.3873067775959,121.1137768954586,412.3390141438131,173.8659418851886,173.8659418851886,103.66592134076855,453.36795051360457,30.47287521312863,58.75823940807457,139.99390605544698,139.99390605544698,178.10166537560005,0.0,70.88083678288159,283.0963946609134,283.0963946609134,173.05096964908796,412.3390141438131,225.16691056800704,254.01130565248064,225.16691056800704,0.0,150.9920829772031,317.8951499243878,72.42057722441021,297.9987291396102,201.6736589800953,344.39315460289686,72.42057722441021,266.97374462620513
Störball Stuten,Stuttgart,"[48.7784485, 9.1800132]",62.355113582866544,283.0759900322303,413.38580568422395,620.3812955371798,399.82533799374215,533.9939096352056,365.2221285223881,264.50540032295737,328.03730415470375,487.5322365291496,370.8153206093764,134.62754587864367,215.79861164192704,360.84286502971446,311.93629482530565,125.40035900265693,533.9939096352056,29.96253216363225,29.96253216363225,253.6989672253605,511.2536402165914,127.63284113244458,94.50936930429695,288.4099836650364,288.4099836650364,314.6874250979424,150.9920829772031,204.05962240205307,402.08213839395285,402.08213839395285,322.57020945286405,533.9939096352056,131.45314922871262,397.6821710512088,131.45314922871262,150.9920829772031,0.0,190.9723774154811,78.6076684602739,215.79861164192704,160.9740316954552,479.1923846467188,78.6076684602739,379.60699508459965
MRC II,München,"[48.1371079, 11.5753822]",253.24927004341433,384.0470528867333,359.70862370321737,695.4332515988998,465.63175290045626,612.4530331712236,360.80951778816956,434.6972988532147,477.91307719826773,485.9078268796929,510.59528075967376,56.61748379166603,104.9001012558468,373.1880493874911,396.50109665081027,220.04313416395465,612.4530331712236,191.92776966225372,191.92776966225372,407.50822173870347,503.98169486969493,288.1122943692671,273.2835741545419,456.63853120411216,456.63853120411216,494.3661670032565,317.8951499243878,343.9581139698648,489.4353514184448,489.4353514184448,487.8353649455358,612.4530331712236,278.1096021414903,525.0016250519008,278.1096021414903,317.8951499243878,190.9723774154811,0.0,254.62822916661372,104.9001012558468,167.19920692558895,583.6646922107724,254.62822916661372,461.5772214088296
Zweidelberg,Heidelberg,"[49.4093582, 8.694724]",49.53987385953807,219.48871293996942,403.33787936282295,555.5860640175108,343.2579488821213,469.52852518199626,338.41889303966815,186.76246850073684,249.87678288184597,452.61153454681516,293.67958201153164,198.59789978639137,252.0842249726476,327.48719003669316,252.8839255329944,99.04513326451365,469.52852518199626,102.02385038140955,102.02385038140955,175.58180772958946,477.58939648188715,51.63808555362032,18.719802424309975,210.42166458517684,210.42166458517684,240.78579088106247,72.42057722441021,130.66513754923042,337.9793616329382,337.9793616329382,244.30422286430436,469.52852518199626,169.02677882503096,322.57208203112697,169.02677882503096,72.42057722441021,78.6076684602739,254.62822916661372,0.0,252.0842249726476,168.62086002777673,408.35932825682715,0.0,318.1223257487227
Rabbits: Team Mittelklasse,Regensburg,"[49.0134323, 12.1016236]",270.5234484800035,316.6926152614112,255.06946362370968,606.1086652374272,378.8624123588107,525.7548776802385,259.48091971358787,407.4538023793792,431.9005037087403,382.8464960023329,456.304884329677,113.86609225494314,0.0,274.82481900796165,320.71517281327795,179.8349252144172,525.7548776802385,230.6949438685067,230.6949438685067,368.7619779745256,400.17664591625714,267.82775969897153,269.85617637643276,426.31938801006766,426.31938801006766,474.54086524202427,297.9987291396102,302.0369699128341,409.7540179487218,409.7540179487218,453.2753550381883,525.7548776802385,333.9037195227155,462.74196794981543,333.9037195227155,297.9987291396102,215.79861164192704,104.9001012558468,252.0842249726476,0.0,102.49898913599101,507.952139170154,252.0842249726476,380.96366414278316
Rhinos Erlangen,Erlangen,"[49.5928616, 11.0056]",200.1542724570895,219.6830149269597,253.21237884436897,529.6493230582497,299.5933421783034,445.9290467919856,217.2105836170766,306.78973705951114,329.52701304560907,344.0168631811139,355.1704225172675,136.1619141005953,102.49898913599101,221.03750303531692,229.56075439289825,80.67787708806875,445.9290467919856,185.8591759626177,185.8591759626177,266.4790168445803,365.67018325883123,172.559674491101,184.1710552588539,324.9061696513334,324.9061696513334,375.2280291857376,201.6736589800953,199.71518264266746,322.2504945250908,322.2504945250908,351.1581679327337,445.9290467919856,292.02899561155016,364.07911172504754,292.02899561155016,201.6736589800953,160.9740316954552,167.19920692558895,168.62086002777673,102.49898913599101,0.0,417.1315314784083,168.62086002777673,294.38365804649715
Roundnet Bremen,Bremen,"[53.0792962, 8.8016936]",453.9115128914954,201.86430245833915,406.71088578792126,164.04423486984956,147.46849234756894,95.22455227348249,311.492803502857,285.7051142558172,196.5643632307036,297.2398298936143,147.85426057972876,544.2607581875312,507.952139170154,279.7677909993737,187.83969253705502,373.90624252315087,95.22455227348249,507.2068113908025,507.2068113908025,251.14933030861383,315.6081251454686,356.9019406672757,400.2892075900466,269.6804279558269,269.6804279558269,317.23263418963256,344.39315460289686,277.76118084753637,100.3842660460625,100.3842660460625,247.50607105703975,95.22455227348249,569.4537227560716,102.55204961566714,569.4537227560716,344.39315460289686,479.1923846467188,583.6646922107724,408.35932825682715,507.952139170154,417.1315314784083,0.0,408.35932825682715,129.28101273173732
Dreidelberg,Heidelberg,"[49.4093582, 8.694724]",49.53987385953807,219.48871293996942,403.33787936282295,555.5860640175108,343.2579488821213,469.52852518199626,338.41889303966815,186.76246850073684,249.87678288184597,452.61153454681516,293.67958201153164,198.59789978639137,252.0842249726476,327.48719003669316,252.8839255329944,99.04513326451365,469.52852518199626,102.02385038140955,102.02385038140955,175.58180772958946,477.58939648188715,51.63808555362032,18.719802424309975,210.42166458517684,210.42166458517684,240.78579088106247,72.42057722441021,130.66513754923042,337.9793616329382,337.9793616329382,244.30422286430436,469.52852518199626,169.02677882503096,322.57208203112697,169.02677882503096,72.42057722441021,78.6076684602739,254.62822916661372,0.0,252.0842249726476,168.62086002777673,408.35932825682715,0.0,318.1223257487227
Eintracht Hildesheim von 1861 e.V.,Hildesheim,"[52.1547789, 9.9577085]",367.047678123899,98.76192683347283,289.2109275278679,241.5622466729632,40.91650673710344,155.4048089723079,189.8588652963601,253.7137385298379,185.98918111154822,213.42651971308896,161.36653093606068,426.2291921355631,380.96366414278316,157.57229136852217,68.35144940426134,262.70787199838725,155.4048089723079,409.12176127293833,409.12176127293833,201.42326805208896,237.30130067273836,269.9074960970886,314.77534427024693,248.08214130342313,248.08214130342313,309.8199282584798,266.97374462620513,196.14296999007772,29.03049445707066,29.03049445707066,242.2273389065937,155.4048089723079,486.51411051572865,131.3113410493517,486.51411051572865,266.97374462620513,379.60699508459965,461.5772214088296,318.1223257487227,380.96366414278316,294.38365804649715,129.28101273173732,318.1223257487227,0.0